[
  {
    "name": "Univeristy - HV",
    "color": "#FF0000",
    "path": [
      [
        -117.2475578,
        32.88147574
      ],
      [
        -117.2409977,
        32.88056903
      ],
      [
        -117.2295577,
        32.88322713
      ],
      [
        -117.1594184,
        32.88980692
      ]
    ]
  },
  {
    "name": "University - LV1",
    "color": "#FFA500",
    "path": [
      [
        -117.2375958,
        32.88134239
      ],
      [
        -117.2387771,
        32.8839997
      ],
      [
        -117.2405677,
        32.88477259
      ],
      [
        -117.2410765,
        32.88522
      ],
      [
       -117.2408955632610,
        32.88716920309690
      ],
	[
        -117.2412981,
        32.88664744
      ],
	[
        -117.2408956,
        32.8871692
      ],
      [
        -117.2389167,
        32.88440436
      ],
      [
        -117.2391253,
        32.8843691
      ],
	[
       -117.2389166524630,
        32.88440435742470
      ]
    ]
  },
  {
    "name": "University - LV2",
    "color": "#FFA500",
    "path": [
      [
        -117.2375958,
        32.88134239
      ],
      [
        -117.2358697,
        32.87868507
      ],
	[
       -117.2351530694540,
        32.87912785276830
      ],
	[
       -117.2349764597490,
        32.88073121125820
      ],
	[
       -117.2339384706530,
        32.87795376310050
      ],
      [
        -117.2351531,
        32.87912785
      ],
      [
       -117.2292864020770,
        32.88401711025480
      ],
	[
        -117.2337607,
        32.87895326
      ],
      [
       -117.2362059309130,
        32.87973850135490
      ],
	[
       -117.2364741518030,
        32.87948621528490
      ],
	[
       -117.2344592777710,
        32.8817095197190
      ],
	[
       -117.2329616597490,
        32.88003079111970
      ],
	[
       -117.2294088020770,
        32.88257948094430
      ],
	[
       -117.2291243597490,
        32.88340392027670
      ]
    ]
  },
  {
    "name": "University - LV3",
    "color": "#FFA500",
    "path": [
      [
        -117.2375958,
        32.88134239
      ],
	[
       -117.2372731600970,
        32.87788317451180
      ],
	[
       -117.2392300246290,
        32.87833555269320
      ],
	[
       -117.2397292468050,
        32.87560735334370
      ],
	[
       -117.2432063120990,
        32.87396055853580
      ],
	[
       -117.2414308736730,
        32.8738575460360
      ],
	[
       -117.2336258597490,
        32.88127466135650
      ],
	[
       -117.2414308736730,
        32.8738575460360
      ],
	[
       -117.2361160234840,
        32.87652621785730
      ],
	[
       -117.2368481309130,
        32.87449328094680
      ],
	[
       -117.2411119089470,
        32.8865897980230
      ],
	[
       -117.2519055713930,
        32.87003707049770
      ],
	[
       -117.2361160234840,
        32.87652621785730
      ],
	[
       -117.250779659370,
        32.86588567737780
      ],
	[
       -117.2432063120990,
        32.87396055853580
      ],
	[
       -117.2432475474320,
        32.8736270628270
      ],
	[
       -117.2369533945270,
        32.87530148447960
      ],
	[
       32.87895325659330,
        32.87741342271440
      ],
	[
       -117.2372298732420,
        32.87683232295080
      ]
    ]
  }
]